4.511927420543530021e-01
1.320676759587322557e-01
1.208412362081040109e-01
9.844309232696341061e-02
-2.578407850592759898e-01
-1.048328282133816902e-01
-1.154292728016281799e-02
6.374115785742555385e-02
3.156661994562962037e-02
-3.948554312019414425e-01
-4.942070526255033514e-01
-3.629975576346853305e-01
5.059573378834947288e-01
2.442216246909163224e-01
-8.081670524371534214e-02
3.151633559014277441e-01
2.722756001685991967e-01
-1.286321841559196488e-01
5.415680361519379371e-01
-3.154554932132056511e-01
-3.155384922662847202e-01
-3.489054793909240892e-02
-1.514051644308489486e-02
4.358828277150822439e-01
4.410064680056169362e-01
2.712037657369138488e-01
3.243868190677472452e-01
1.113453787491935215e-02
5.927171985454147141e-01
-9.086268999835445115e-02
4.750905499784315311e-01
3.343112739584446214e-01
-9.556584035447804326e-03
-6.771322385311104308e-02
-1.199493359042290153e-01
4.567309787176081493e-01
-3.444270941626151328e-02
-1.797235080313519529e-01
7.195018593963968534e-02
2.636670335269483689e-02
2.848110285558543842e-01
3.310002873602591045e-02
4.164830528321006309e-02
-4.627447017846504362e-01
-1.288329752392744776e-01
-3.009583522855640014e-01
-6.599839016945274750e-03
1.954855275413328042e-02
3.406097718574911948e-01
-3.569206823442746535e-01
1.514973520159086096e-01
-1.545341538883859833e-02
2.475195763496761958e-01
4.540825736201142826e-02
5.413280930412223135e-02
-3.955807485682050206e-02
-9.640794961626142356e-02
4.395981680233850830e-01
3.493632935459949906e-01
3.929890425915871788e-02
2.354216971332078745e-01
3.938860135277895136e-01
2.388321994360812772e-01
1.545444070875813258e-01
-3.432884458888457724e-02
-4.253581424104413422e-02
-2.797780586975973094e-02
2.480867805014402849e-01
3.903471546770341805e-01
4.820749382749368595e-01
1.201765810841380344e-01
1.379811763309179151e-01
9.108200482981586299e-02
1.111885055428584457e-01
2.384420361093792795e-01
-2.916069522270844927e-02
1.468690997050075553e-01
-2.490573087286596099e-02
-4.639067803491849773e-01
-9.141997944472901594e-05
1.178234543473499207e-01
-3.116708648547847904e-01
4.690021387587200996e-02
3.210760203902340848e-02
6.038794612084185109e-01
-2.991971187825469974e-02
-7.666164536343794689e-02
1.016678476479441762e-01
5.969382703572644333e-01
-3.154820662374885343e-02
3.343108474030376254e-02
1.044178796864946857e-01
1.423668956461283108e-01
3.380215714786337644e-01
-3.079448927524641721e-01
-1.193725176406441602e-01
5.858068539623316751e-01
-2.975594984793895614e-01
1.709688071768870055e-01
4.285059899842317277e-01
-1.200283021898552183e-01
2.367154246027244613e-01
2.336490541372494012e-01
1.673572502877739288e-01
4.503399522680539002e-01
2.689099703256100926e-01
5.741171851449879959e-01
-3.401285206098186853e-02
-2.349872667771524259e-02
2.335812616109191331e-01
-3.767849821966168244e-01
4.320480277110411160e-02
3.169943112568239796e-01
2.664085785819836349e-01
3.977873452677163080e-01
3.025091511980914083e-01
-4.055423129290982587e-01
3.718446379793816647e-01
-3.763324293433361056e-01
5.826644513826908511e-01
3.327201229003949878e-01
1.621517217748633943e-01
3.573942771839466737e-02
5.129164881668629716e-02
-3.387746296161336934e-02
3.373626273265112330e-01
-1.128575738252076688e-01
4.556229630713606316e-01
5.031251643190031153e-01
4.007141584533930323e-01
4.503678778966079266e-01
-4.270922687846054888e-01
2.611348097186055872e-02
-9.173670651128418285e-02
2.372937640507677415e-02
7.600918509108600674e-02
-1.213784557009793819e-01
1.492153397756101063e-01
2.335659839448442077e-01
-2.677348382794555448e-01
1.234851392659672142e-01
4.014421980345488361e-01
5.476219158516959506e-02
2.566481477774021913e-01
-1.314139644738153700e-01
-1.330370511529489486e-01
5.196831482131127056e-02
1.395931809963972259e-01
1.209487411686598207e-01
3.036726192180299599e-01
-3.174407045903188118e-02
-1.163468859784846932e-01
2.255577164942708102e-01
4.350664430244317593e-01
4.956119428704465202e-01
-2.813716274974928933e-01
4.993214734956665790e-01
3.302984636854957023e-01
9.098944912466222501e-02
2.642315053204118414e-01
-2.928652646822382799e-02
-1.037234446681212785e-01
1.791519149924655219e-01
-9.476531078574751410e-02
4.523360754853633092e-01
-2.431651358237851834e-02
5.863025151627346832e-01
-3.829141884191000766e-02
-1.338578774206005684e-01
3.465767350076949804e-01
1.233332375929078462e-01
-2.668296225787523124e-01
-1.074599855839130369e-01
-4.029089087984336626e-01
2.889664831597868466e-01
1.815033302185123376e-02
3.070815971318536231e-01
-3.148258832712924615e-02
1.107409465094648660e-01
4.039760875227438319e-02
-1.062598725892346940e-02
3.733897090434916688e-01
-2.562880573627632774e-01
3.884117924154384394e-01
-9.638504388750501750e-02
3.003842271782380946e-01
6.051621906753159585e-01
-4.839347450773328063e-01
1.684603033204909450e-01
1.344126207812937901e-01
2.427492755268317870e-02
7.747350847808853747e-02
3.843613949549379849e-01
1.142346527290138969e-02
4.442130907007523777e-01
2.791187288454609616e-01
5.006063115363258431e-01
1.321667969054451386e-01
-3.067764164296621354e-02
-2.403062307072123538e-02
