3.994485184428873958e-02
4.629728260728858125e-01
6.470255830970065292e-01
1.286442540547868552e-01
1.640363881121391018e-02
3.340570583005486940e-03
9.196519097597503563e-15
5.867231291375130109e-01
1.447908513194773872e-01
2.464829578582411994e-03
5.436768693272393295e-03
1.545772422849083505e-01
5.005906157502639040e-04
2.539220975518391432e-01
8.710192885986379582e-06
6.143849921720583723e-02
1.600635512107293768e-01
6.518119063719689521e-01
2.559793337756818832e-01
3.218270437903132664e-02
1.120646447896269000e-02
4.297656782031356731e-02
6.195934572679793195e-01
5.651479086739112923e-01
1.003762456015005883e-01
1.910993635890242404e-01
1.028155662955447698e-03
3.047255832243359400e-02
2.860763509825314105e-02
1.695260611307401188e-01
2.443644901121391766e-02
2.076533528375273385e-01
5.264448205344987586e-02
1.549590031446941296e-01
8.209367866496063149e-02
3.555611544695053694e-01
5.197735202922715986e-02
9.621508265404128402e-01
3.852334757835192414e-01
9.954529608113968364e-02
1.826420824786380015e-01
9.355533685833653523e-01
2.327946474138395117e-01
1.159041216453226830e-01
1.545386643109940848e-06
6.073309562641863307e-02
4.432881300516465783e-01
7.336388482111599885e-02
6.309870371071843453e-02
6.336703488444038745e-01
8.154010767478827582e-01
5.202742952810781585e-01
6.108038122306176376e-01
9.113091351079376512e-01
7.745069264807203924e-01
9.935087749185164130e-01
5.955376253850865886e-01
5.589494457641798197e-01
8.829467697519350899e-01
9.109425627600182818e-01
9.602977281174220892e-01
8.720823012579282940e-01
3.448180984416467920e-01
9.896952633752281736e-01
9.334497221690623014e-01
9.717248258926023396e-01
9.443710833867422494e-01
7.611703665306189803e-01
7.964998730851947650e-01
9.395480357505572311e-01
9.950466411996718996e-01
6.885271149210963060e-01
9.056708702806515188e-01
8.683645710187206657e-01
9.459061869709056714e-01
9.363147147734253162e-01
9.902978802926402091e-01
9.240138592670267270e-01
9.890885789486175694e-01
6.009329880799776369e-01
3.050794873146380204e-01
9.944727672110716954e-01
8.992368278955958916e-01
9.861311219502463254e-01
8.985344037936786599e-01
9.643914072392403281e-01
9.681223026458977143e-01
9.111883468060685276e-01
9.336642000953272458e-01
8.658303984665282060e-01
5.924724869565740626e-01
8.204785520159822987e-01
7.887448864941032367e-01
8.217865197882870953e-01
9.193904891057310680e-01
9.402043790212375463e-01
9.634270184051233477e-01
9.234304987446054769e-01
9.452605061518027929e-01
8.259835891314798451e-01
